src/components/resources/type-foundries-content.tsx
  s_6693ce492fd01d::t_54054042d39ee0 6,13-14,19-31,34-47,49-59,67,74,133-138,154-159
src/components/resources/studios-content.tsx
  s_6693ce492fd01d::t_54054042d39ee0 6,13-14,19-31,34-51,53-75,77-78,86,93,154-159,175-180
src/components/resources/institutes-content.tsx
  s_6693ce492fd01d::t_0b145da3eb5382 45
  s_6693ce492fd01d::t_64e62ae23d5a2f 42-44
  s_6693ce492fd01d::t_f2030189b52c64 46-48
src/components/resources/bookshops-content.tsx
  s_6693ce492fd01d::t_6aa1bf5afbeb09 40-44
  s_6693ce492fd01d::t_b4040e63614fe8 37-39
  s_6693ce492fd01d::t_80634215361c3a 45-47
bun.lock
  s_6693ce492fd01d::t_093b53f2fa7be9 31,55,59,61,65,87,93,95,97,99,101,103,105,107,111,113,115,117,119,121,123,125,127,129,131,133,135,137,139,141,143,145,147,149-151,155,157,159,161,165,167,169,171,173,175,177,179,181,183,185,187,189,191,193,195,197,199,201,203,205,207,209,211,213,215,217,219,221,223,225,227,229,231,233,235,237,239,241,243,245,247,249,251,253,255,257,259,261,263,265,267,269,271,273,275,277,279,281,285,287,289,291,293,295,297,319,321,331,345,367,393,395,397,399,401,403,405,407,409,411,413,415,417,419,421,423,425,427,429,431,433,435,437,439,441,443,445,447,449,451,453,461,559,565,599,601,609,611,613,619,629,639,647,805-811,813,815,817,819,821,823,825,827,829,831,833,835,837,839,841,843,845,847,849,851,853,901,919,931,937,941,949,1035,1059,1075,1077,1079,1091,1131,1141,1143,1145,1147,1149,1151,1153,1167,1173,1181,1209,1259-1261,1299,1307,1311,1333,1343,1347,1355,1359,1373,1375,1379,1395,1401,1419,1423,1431,1447,1457,1503,1513,1517,1533,1539,1561,1627,1637-1639,1685,1689,1701,1709,1739,1761,1771,1781,1783,1793,1803,1811,1873,1885,1889,1981,1983,1987,1989,1999,2031,2053,2057,2073,2083,2117,2125,2129,2131,2133,2153,2163,2173,2195,2215,2219,2223,2235,2255,2265,2283,2285,2315,2323,2327,2331,2337,2339,2343,2351,2353,2355,2357,2375,2377,2379,2381,2387,2393-2394,2403,2409,2425,2431,2433,2437,2447,2449,2461,2467,2473,2475,2477,2479,2481,2483,2485,2487,2489,2491,2513,2515,2517,2519,2521,2523,2525,2527,2529,2531,2533,2535,2537,2547,2551,2569,2575,2579,2581,2583,2585,2587,2589,2591,2593,2595,2597,2599,2601,2603,2605,2607,2609,2611,2613,2615,2617,2619,2621,2623,2625,2627,2629,2631,2633,2635,2637,2639,2641,2643,2645,2647,2649,2651,2653,2655,2657,2659,2661,2663,2665,2667,2669,2671,2673,2675,2677,2679,2681,2683,2687,2699,2701,2709,2711,2713,2715,2717,2719,2721,2723,2725,2727,2729,2731,2733,2735,2737,2739,2741,2743,2745,2747,2749,2751,2753,2755,2757,2759,2761,2763,2799,2801,2805,2807,2813,2815,2819,2821,2825,2827,2831,2835,2837,2841,2847,2849,2851,2857,2859,2863,2865,2871,2873,2877,2879,2883,2885,2889,2893,2895,2899,2927
package.json
  s_6693ce492fd01d::t_c0dce59569547e 26
src/app/(frontend)/(resources)/bibliography/page.tsx
  s_6693ce492fd01d::t_e981bb01596aec 15,58
src/app/(frontend)/(resources)/bookshops/page.tsx
  s_6693ce492fd01d::t_3a4d86c8e13169 14,20,47-52,68
src/app/(frontend)/(resources)/institutes/page.tsx
  s_6693ce492fd01d::t_585f26f6e2ca5f 14,20,44-49,65
src/app/(frontend)/(resources)/studios-agencies/page.tsx
  s_6693ce492fd01d::t_77fce882bc87c9 14,20,44-49,65
src/app/(frontend)/(resources)/type-foundries/page.tsx
  s_6693ce492fd01d::t_ee7e42d0d75fd0 14,20,44-49,65
src/app/(frontend)/(resources)/websites/page.tsx
  s_6693ce492fd01d::t_00e6e65937efef 14,49
src/components/resources/resource-grid-card.tsx
  s_6693ce492fd01d::t_240d7c7281119a 1-23
src/components/resources/resource-list-item.tsx
  s_6693ce492fd01d::t_59a10e58a549fa 6,9-11,15,17-30
src/components/resources/websites-content.tsx
  s_6693ce492fd01d::t_8e6aa2fd435310 5,11-12,19,28,31,35,37-51,54-65,120,124,141,145
src/lib/resource-website-url.ts
  s_6693ce492fd01d::t_0531169826fa0a 1-40
src/lib/tracked-link.ts
  s_6693ce492fd01d::t_45a1de07ad1e1b 1-2,9-18
---
{
  "schema_version": "authorship/3.0.0",
  "git_ai_version": "1.6.2",
  "base_commit_sha": "0b6dffa390d02313eb6ad489d5edb1a8f21b0998",
  "prompts": {},
  "sessions": {
    "s_6693ce492fd01d": {
      "agent_id": {
        "tool": "cursor",
        "id": "4506e5f3-7341-4b18-9871-28505d8438ef",
        "model": "default"
      },
      "human_author": "az3ta <24527778+az3ta@users.noreply.github.com>"
    }
  }
}