bun.lock
  ai_agent 15,18,22-24,27-28,30,37,40,46,293,295,297,299,301,303,305,307,309,313,315,575,577,579,581,583,585,587,589,591,603,605,607,657,847,851,853,855,857,865,899,903,909,913,915,925,929,933,935,937,1003,1007,1037,1079,1201,1401,1403,1405,1427,1477,1479,1673,1689,1749,1751,1769,1791,1793,1817,1843,1893,1899,2005,2119,2159,2243,2259,2265,2539-2540,2565,2567,2569,2571,2573-2575,2577,2581-2582,2595-2596,2603,2781,2793-2794,3025,3027,3029,3031,3033,3035,3037,3039,3041,3043,3045,3047,3049,3051-3053,3055,3057,3059,3061,3103,3105,3303,3305,3307,3309,3311,3313,3315,3317,3319,3321,3323,3325,3327,3329,3331,3333,3335,3337,3339,3341,3343,3345,3347,3349,3351,3353,3355,3357,3359-3395,3397,3399-3413,3593,3595,3599,3601,3607,3609,3613,3615,3619,3621,3625,3629,3631,3635,3641
package.json
  ai_agent 23,26,30-32,35-36,38,45,48,54
---
{
  "schema_version": "authorship/3.0.0",
  "git_ai_version": "1.4.1",
  "base_commit_sha": "32828b9f6c41e42c564fbdcc27feac8103e52783",
  "prompts": {}
}