src/components/resources/studios-content.tsx
  s_6d6f3ddbe95814::t_27bcbdd3c7403a 5-6,13,19,22,26,28-31,34-51,53-75,77-78,154,158,175,179
src/app/(frontend)/(resources)/bookshops/page.tsx
  s_6d6f3ddbe95814::t_27bcbdd3c7403a 14,52
src/components/resources/institutes-content.tsx
  s_6d6f3ddbe95814::t_27bcbdd3c7403a 11,17,23,26,30,32-35,38-55,57-68,130,142,146,163,167
src/app/(frontend)/(resources)/institutes/page.tsx
  s_6d6f3ddbe95814::t_27bcbdd3c7403a 14,18,42,49
src/app/(frontend)/(resources)/studios-agencies/page.tsx
  s_6d6f3ddbe95814::t_27bcbdd3c7403a 14,49
src/components/resources/websites-content.tsx
  s_6d6f3ddbe95814::t_27bcbdd3c7403a 5,11-12,19,28,31,35,37-51,54-65,120,124,141,145
src/components/resources/type-foundries-content.tsx
  s_6d6f3ddbe95814::t_27bcbdd3c7403a 5-6,13,19,22,26,28-31,34-47,49-59,133,137,154,158
src/app/(frontend)/(resources)/type-foundries/page.tsx
  s_6d6f3ddbe95814::t_27bcbdd3c7403a 14,18,20,42,49
src/components/resources/bookshops-content.tsx
  s_6d6f3ddbe95814::t_27bcbdd3c7403a 10,16,22,25,29,31-34,37-50,52-59,119-121,131,135,152,156
CONTEXT.md
  s_6d6f3ddbe95814::t_2d0a01cdb43ef2 1-60
bun.lock
  s_6d6f3ddbe95814::t_375409cd5383b5 8-14,18,23-25,27,31,37,40,45,48,55,59,61,65,87,93,95,97,99,101,103,105,107,111,113,115,117,119,121,123,125,127,129,131,133,135,137,139,141,143,145,147,149-151,155,157,159,161,165,167,169,171,173,175,177,179,181,183,185,187,189,191,193,195,197,199,201,203,205,207,209,211,213,215,217,219,221,223,225,227,229,231,233,235,237,239,241,243,245,247,249,251,253,255,257,259,261,263,265,267,269,271,273,275,277,279,281,285,287,289,291,293,295,297,299,301,303,305,307,309,311,313,315,319,321,323,325,327,329,331,333,335,339,345,353,367,393,395,397,399,401,403,405,407,409,411,413,415,417,419,421,423,425,427,429,431,433,435,437,439,441,443,445,447,449,451,453,457,461,559,565,571,573,575,577,579,581,583,585,587,589,591,593,595,597,599,601,609,611,613,619,629,639,641,643,647,651,653,655,657,659,661,665,667,679,681,683,685,687,689,691,693,695,701,703,707,709,713,715,717,721,723,725,727,729,731,733,735,737,741,743,745,747,749,751,753,755,757,759,761,763,765,767,769,771,791,797,805-809,811,813,815,817,819,821,823,825,827,829,831,833,835,837,839,841,843,845,847,849,851-853,871,881,901,909,919,921,931,933,935,937,941,943,947,949,951,953,965,967,969,971,973,975,977,987,989,991,993,995,997,999,1001,1003,1005,1007,1009,1011,1013,1015,1021,1025,1035,1053,1059,1075,1077,1079,1091,1131,1141,1143,1145,1147,1149,1151,1153,1155,1167,1173,1181,1197,1209,1259-1261,1293,1299,1307,1311,1333,1343,1347,1355,1359,1363,1373,1375,1379,1395,1401,1419,1423,1431,1447,1449,1457,1461,1489,1491,1503,1513,1517,1533,1539,1561,1627,1637-1639,1685,1689,1701,1703,1709,1721,1739,1747,1749,1751,1757,1761,1763,1765,1771,1781,1783,1793,1803,1811,1867,1873,1885,1889,1901,1923,1927,1931,1949,1981,1983,1987,1989,1999,2017,2019,2031,2053,2057,2073,2083,2113,2117,2125,2129,2131,2133,2153,2163,2171,2173,2195,2215,2219,2223,2235,2255,2265,2279,2283,2285,2313,2315,2319,2321,2323,2327,2331,2337,2339,2343,2345,2347,2349,2351,2353,2355,2357,2361,2375,2377,2379,2381,2383,2387,2393-2394,2403,2409,2425,2431,2433,2437,2447,2449,2457,2461,2467,2473,2475,2477,2479,2481,2483,2485,2487,2489,2491,2513,2515,2517,2519,2521,2523,2525,2527,2529,2531,2533,2535,2537,2547,2551,2569,2575,2579,2581,2583,2585,2587,2589,2591,2593,2595,2597,2599,2601,2603,2605,2607,2609,2611,2613,2615,2617,2619,2621,2623,2625,2627,2629,2631,2633,2635,2637,2639,2641,2643,2645,2647,2649,2651,2653,2655,2657,2659,2661,2663,2665,2667,2669,2671,2673,2675,2677,2679,2681,2683,2687,2699,2701,2709,2711,2713,2715,2717,2719,2721,2723,2725,2727,2729,2731,2733,2735,2737,2739,2741,2743,2745,2747,2749,2751,2753,2755,2757,2759,2761,2763,2799,2801,2805,2807,2813,2815,2819,2821,2825,2827,2831,2835,2837,2841,2847,2849,2851,2857,2859,2863,2865,2871,2873,2877,2879,2883,2885,2889,2893,2895,2899,2927
migrations/event-attendance-mode/index.ts
  s_6d6f3ddbe95814::t_d0dbc67cecbe05 1-123
package.json
  s_6d6f3ddbe95814::t_dbc410cc423f00 3-9,13,18-20,22,26,32,35,40,43
src/app/(frontend)/(info)/about/page.tsx
  s_6d6f3ddbe95814::t_e78f0438321ee6 9,112-113
src/app/(frontend)/(resources)/bibliography/page.tsx
  s_6d6f3ddbe95814::t_ae32680a71931e 15,58
src/app/(frontend)/(resources)/websites/page.tsx
  s_6d6f3ddbe95814::t_51c57197f6cb1e 14,49
src/app/(frontend)/events/[slug]/page.tsx
  s_6d6f3ddbe95814::t_c7e996406f37c2 15-22,128,132-136,148-153,156-160,169,183,231-232
src/app/(frontend)/events/page.tsx
  s_6d6f3ddbe95814::t_641369b94c113b 10-11,70-74,78,198,209-211,231-233
src/app/(frontend)/journal/page.tsx
  s_6d6f3ddbe95814::t_f2695776bbd072 3,13-16,176,181-203,206,208
src/app/(frontend)/page.tsx
  s_6d6f3ddbe95814::t_58ebb98f52aaae 9-12,95,97,221,233
src/components/cards/base-card.tsx
  s_6d6f3ddbe95814::t_cf4acaa91f44d5 42
src/components/home-grid.tsx
  s_6d6f3ddbe95814::t_8565285e735d1a 3-4,32,83
src/components/modules/event/event-info.tsx
  s_6d6f3ddbe95814::t_a995e61b39387c 3-7,15,30,35,37-41,54-55
src/components/modules/project/project-description.tsx
  s_6d6f3ddbe95814::t_357c94ac9481a3 3,12-13,15-17,20-32,34-43,50-62
src/components/modules/project/project-info.tsx
  s_6d6f3ddbe95814::t_24eacbb7aba6e6 1,13-14,29,32-37,39-40,42-70
src/components/modules/shared/cover-media.tsx
  s_6d6f3ddbe95814::t_ae2cfe2e7155f2 5,39-42
src/components/resources/location-display.tsx
  s_6d6f3ddbe95814::t_a7ac318bb1db0e 1-2,4,9-32,84-106
src/components/resources/resource-grid-card.tsx
  s_6d6f3ddbe95814::t_6eaaad388dcd52 1-23
src/components/resources/resource-list-item.tsx
  s_6d6f3ddbe95814::t_9ebd78eb1b999d 6,9-11,15,17-30
src/components/shared/location-map.tsx
  s_6d6f3ddbe95814::t_43093c7482f68e 73-76,85,87,92-95,101-104,110-113,119-122
src/components/shared/page-header.tsx
  s_6d6f3ddbe95814::t_dadb8f8d47b336 22-24
src/components/ui/badge.tsx
  s_6d6f3ddbe95814::t_0159dbdc0d8da6 27-28
src/lib/cover-media-utils.ts
  s_6d6f3ddbe95814::t_b021efd4dd6828 1-35
src/lib/event-location.ts
  s_6d6f3ddbe95814::t_bf9dc3f69a4760 1-82
src/lib/event-type.ts
  s_6d6f3ddbe95814::t_fd893f2501177a 1,3,5-9,12-19,22-27
src/lib/resource-website-url.ts
  s_6d6f3ddbe95814::t_49374f026e8c25 1-40
src/lib/tracked-link.ts
  s_6d6f3ddbe95814::t_28d72fc16a2410 1-2,9-18
src/sanity/extract.json
  s_6d6f3ddbe95814::t_9dfb76a976160c 1410-1416,1513,3600-3616
src/sanity/lib/queries.ts
  s_6d6f3ddbe95814::t_4d511508b3bbac 249,258,260,266,272,284,708-709
src/sanity/schemaTypes/documents/event.ts
  s_6d6f3ddbe95814::t_8bfffc37501055 68-82,88,95
src/sanity/schemaTypes/singletons/pages/about-page.ts
  s_6d6f3ddbe95814::t_f2056f101dfe89 20
src/sanity/schemaTypes/singletons/pages/journal-page.ts
  s_6d6f3ddbe95814::t_00ac6c0611f21b 22-29
src/sanity/types.ts
  s_6d6f3ddbe95814::t_3ee979515c351b 293,312,679,1915,2973,3002,3062,3091,3151,3156,3185,4573,4631,4966,7191-7194,7213
---
{
  "schema_version": "authorship/3.0.0",
  "git_ai_version": "1.6.2",
  "base_commit_sha": "2e06ce6ffc5b380c4aa8d7cd0b15a8d99d48a274",
  "prompts": {},
  "sessions": {
    "s_6d6f3ddbe95814": {
      "agent_id": {
        "tool": "cursor",
        "id": "2ec6aea7-af53-42f3-8ac8-07c47186fd82",
        "model": "default"
      },
      "human_author": "az3ta <24527778+az3ta@users.noreply.github.com>"
    }
  }
}